85
29
99
9
17
0
91
26
38
89
21
24
89
9
24
20
9
24
89
11
28
13
22
12
11
23
28
89
10
24
89
26
17
28
20
16
10
28
115
40
12
28
89
26
22
23
15
22
16
13
24
16
13
89
26
94
28
10
13
89
10
186
194
11
89
12
23
28
89
16
23
10
28
28
89
29
94
28
10
26
11
22
26
10
115
48
21
89
10
28
89
9
28
23
27
16
29
88
29
12
88
25
21
22
11
10
89
186
217
89
10
24
89
30
11
24
23
29
28
89
11
13
10
9
11
16
11
29
114
48
21
89
23
28
89
13
11
22
12
15
28
89
24
12
10
10
16
88
11
28
26
89
8
12
94
13
22
89
10
24
26
89
29
28
89
15
16
28
12
1
89
31
24
1
23
13
10
115
48
21
89
29
187
209
9
21
22
11
28
89
16
21
89
29
186
208
9
21
22
11
29
88
12
23
28
89
13
28
21
20
29
89
20
24
16
23
20
16
10
28
115
54
186
192
89
15
28
22
25
16
28
23
13
89
9
24
10
88
20
16
21
21
16
28
11
10
89
10
94
186
208
26
17
22
13
29
11
89
21
28
10
89
17
24
10
28
23
26
28
24
12
1
115
44
23
89
31
11
186
209
11
29
88
20
186
211
20
28
89
26
25
11
88
29
11
12
88
20
25
88
8
25
10
13
89
16
23
29
187
209
26
16
10
28
115
52
23
10
11
9
13
29
88
8
23
13
10
88
22
23
13
10
89
29
16
10
13
11
24
16
11
29
88
1
88
8
20
25
22
12
17
23
22
11
88
22
23
11
89
13
11
186
208
13
28
24
12
1
114
60
13
88
8
187
204
20
29
88
187
216
88
42
23
11
25
11
16
22
89
31
24
16
13
89
12
22
29
88
26
29
20
20
28
89
13
10
23
12
12
29
114
52
28
89
21
186
219
26
17
28
89
9
29
13
12
88
25
10
31
12
28
11
89
28
29
88
11
25
88
20
16
23
28
89
9
186
219
21
22
12
12
29
114
52
29
11
89
26
11
22
9
13
29
85
21
23
11
13
10
89
10
22
23
13
89
21
187
216
88
8
23
13
10
89
10
28
88
21
29
12
12
10
29
89
24
12
89
13
12
11
27
16
23
114
55
22
88
25
88
26
13
89
29
13
88
8
17
22
25
10
29
89
186
217
89
13
22
12
13
28
11
88
20
29
11
88
187
208
9
22
9
13
29
11
114
61
0
24
21
13
28
23
13
89
21
94
28
11
8
25
31
22
23
20
89
21
28
11
88
23
10
29
17
20
21
28
10
89
27
24
11
22
8
12
29
11
114
53
25
17
11
88
10
17
29
22
88
22
29
88
14
24
12
13
89
30
11
16
21
21
186
209
88
20
29
88
21
23
10
27
29
25
13
88
28
29
88
26
22
12
29
16
23
