246
60
57
115
172
230
96
69
22
115
111
200
198
38
67
20
31
184
253
140
71
220
190
92
186
160
181
103
14
24
45
38
52
155
255
177
99
126
147
108
242
63
154
132
242
36
35
115
218
244
11
135
158
138
217
57
129
179
185
255
252
147
147
131
196
68
156
189
202
10
185
188
216
27
233
133
185
232
184
88
182
240
71
119
59
32
68
69
75
246
81
72
28
12
188
29
3
134
8
91
138
129
227
194
100
196
228
72
128
113
115
59
167
105
158
121
156
190
236
59
122
215
217
12
15
4
255
113
110
15
154
94
231
76
75
126
245
137
218
114
136
20
222
98
219
95
141
48
196
190
124
88
108
134
178
87
9
211
238
117
140
172
77
217
154
227
144
37
43
34
191
93
132
89
189
148
247
113
98
217
13
182
116
144
246
13
121
79
81
102
184
135
115
159
37
202
210
21
9
38
175
129
190
87
113
88
79
30
198
17
29
136
55
75
174
85
140
218
25
189
105
132
111
122
176
110
47
243
67
255
8
246
56
93
52
102
38
106
243
98
220
251
201
15
166
187
65
186
205
102
251
21
81
241
60
72
220
197
211
141
246
1
84
14
95
93
120
134
22
149
165
91
165
47
63
143
230
25
41
245
223
128
232
23
224
12
120
152
30
5
228
46
70
86
194
227
202
11
172
23
125
119
134
19
168
233
75
115
29
151
43
249
40
10
152
94
55
62
210
94
183
79
232
135
125
115
8
209
200
153
234
210
1
223
87
77
11
183
78
182
150
160
91
15
42
118
237
130
66
10
218
190
244
163
4
250
99
187
71
0
71
27
199
5
122
182
182
247
123
80
72
63
92
89
3
99
91
246
123
242
122
210
103
140
194
238
12
0
208
7
161
12
194
211
241
12
205
88
72
86
56
239
249
133
33
31
48
155
188
143
114
62
64
187
83
176
103
222
174
251
182
92
138
212
120
228
247
165
223
9
45
137
36
179
136
65
221
47
39
165
227
59
104
138
169
177
49
229
240
31
45
7
165
148
117
231
254
4
209
240
212
0
228
110
227
232
33
153
220
118
180
245
223
164
27
201
98
255
49
177
25
138
34
12
171
30
190
11
203
235
144
182
169
194
233
123
161
102
158
93
105
95
189
117
172
36
156
8
191
13
79
124
9
7
184
142
151
121
178
128
16
184
224
141
19
252
189
178
124
42
158
142
69
105
131
84
213
215
18
105
248
159
82
108
7
252
191
129
160
181
177
212
97
136
62
68
1
53
110
145
169
32
222
204
136
42
40
159
229
247
74
147
166
37
179
231
179
42
7
131
36
108
110
238
162
109
110
240
110
75
153
77
81
24
8
195
151
56
75
27
28
243
8
121
35
55
129
201
31
254
69
102
19
49
71
3
87
167
178
140
235
240
61
180
182
170
233
237
92
28
222
98
131
